[gd_scene load_steps=7 format=2]

[ext_resource path="res://scenes/defaultLevel/defaultWorld.tscn" type="PackedScene" id=1]
[ext_resource path="res://addons/godot-xr-tools/objects/Viewport_2D_in_3D.tscn" type="PackedScene" id=2]
[ext_resource path="res://ui/death/death.tscn" type="PackedScene" id=3]
[ext_resource path="res://WorldEnvironment.tscn" type="PackedScene" id=4]
[ext_resource path="res://objects/skulls/skull.tscn" type="PackedScene" id=5]

[sub_resource type="BoxShape" id=1]
extents = Vector3( 0.5, 3, 3.19439 )

[node name="world origin" instance=ExtResource( 1 )]

[node name="GridMap" parent="world/Navigation/NavigationMeshInstance/Enviornment" index="0"]
cell_size = Vector3( 0.5, 3.5, 0.5 )
data = {
"cells": PoolIntArray( 4, 3, 1048580, 0, 65535, 1048579, 4, 65535, 1441796 )
}

[node name="StaticBody" type="StaticBody" parent="world/Navigation/NavigationMeshInstance/invisableWalls" index="0"]
transform = Transform( 1, 0, 0, 0, 1, 0, 0, 0, 1, 0, 2.95217, 0 )

[node name="CollisionShape" type="CollisionShape" parent="world/Navigation/NavigationMeshInstance/invisableWalls/StaticBody" index="0"]
transform = Transform( 1, 0, 0, 0, 1, 0, 0, 0, 1, 2.71868, 0, 0 )
shape = SubResource( 1 )

[node name="CollisionShape2" type="CollisionShape" parent="world/Navigation/NavigationMeshInstance/invisableWalls/StaticBody" index="1"]
transform = Transform( 1, 0, 0, 0, 1, 0, 0, 0, 1, -2.19922, 0, 0 )
shape = SubResource( 1 )

[node name="CollisionShape3" type="CollisionShape" parent="world/Navigation/NavigationMeshInstance/invisableWalls/StaticBody" index="2"]
transform = Transform( -4.37114e-08, 0, 1, 0, 1, 0, -1, 0, -4.37114e-08, 0, 0, -2.70909 )
shape = SubResource( 1 )

[node name="CollisionShape4" type="CollisionShape" parent="world/Navigation/NavigationMeshInstance/invisableWalls/StaticBody" index="3"]
transform = Transform( -4.37114e-08, 0, 1, 0, 1, 0, -1, 0, -4.37114e-08, 0, 0, 2.2039 )
shape = SubResource( 1 )

[node name="arch" parent="world/objects" index="0"]
transform = Transform( -4.37114e-08, 0, 1, 0, 1, 0, -1, 0, -4.37114e-08, 1.98144, 1, -1.29559 )
currentLevel = -1

[node name="info1" parent="world/objects" index="2" instance=ExtResource( 2 )]
transform = Transform( -2.62268e-08, 0, -1, 0, 0.7, 0, 0.6, 0, -4.37114e-08, 2.09012, 2.5, 0.741196 )
viewport_size = Vector2( 1920, 1500 )
scene = ExtResource( 3 )

[node name="skulls" type="Spatial" parent="world/objects" index="3"]
transform = Transform( 1, 0, 0, 0, 1, 0, 0, 0, 1, 0, -0.0378461, 0 )

[node name="skull" parent="world/objects/skulls" index="0" instance=ExtResource( 5 )]
transform = Transform( 1, 0, 0, 0, 0.939693, 0.34202, 0, -0.34202, 0.939693, 0, -0.269965, -1.34041 )

[node name="skull2" parent="world/objects/skulls" index="1" instance=ExtResource( 5 )]
transform = Transform( 1, 0, 0, 0, 0.939693, 0.34202, 0, -0.34202, 0.939693, 1, -0.27, -1.34 )

[node name="skull3" parent="world/objects/skulls" index="2" instance=ExtResource( 5 )]
transform = Transform( 1, 0, 0, 0, 0.939693, 0.34202, 0, -0.34202, 0.939693, -1, -0.27, -1.34 )

[node name="skull4" parent="world/objects/skulls" index="3" instance=ExtResource( 5 )]
transform = Transform( -1, 2.99003e-08, -8.21505e-08, 0, 0.939693, 0.34202, 8.74228e-08, 0.34202, -0.939693, 0, -0.269965, 0.812836 )

[node name="skull5" parent="world/objects/skulls" index="4" instance=ExtResource( 5 )]
transform = Transform( -1, 2.99003e-08, -8.21505e-08, 0, 0.939693, 0.34202, 8.74228e-08, 0.34202, -0.939693, 1, -0.27, 0.813249 )

[node name="skull6" parent="world/objects/skulls" index="5" instance=ExtResource( 5 )]
transform = Transform( -1, 2.99003e-08, -8.21505e-08, 0, 0.939693, 0.34202, 8.74228e-08, 0.34202, -0.939693, -1, -0.27, 0.813249 )

[node name="skull7" parent="world/objects/skulls" index="6" instance=ExtResource( 5 )]
transform = Transform( -4.37114e-08, -0.34202, 0.939693, 0, 0.939693, 0.34202, -1, 1.49502e-08, -4.10753e-08, -0.823, -0.27, 1 )

[node name="skull8" parent="world/objects/skulls" index="7" instance=ExtResource( 5 )]
transform = Transform( -4.37114e-08, -0.34202, 0.939693, 0, 0.939693, 0.34202, -1, 1.49502e-08, -4.10753e-08, -0.823, -0.27, -1 )

[node name="skull9" parent="world/objects/skulls" index="8" instance=ExtResource( 5 )]
transform = Transform( -4.37114e-08, -0.34202, 0.939693, 0, 0.939693, 0.34202, -1, 1.49502e-08, -4.10753e-08, -0.823, -0.27, 0 )

[node name="VrControllerMain" parent="players" index="0"]
transform = Transform( 1, 0, 0, 0, 1, 0, 0, 0, 1, 0, 5.096, 0.0101843 )

[node name="WorldEnvironment" parent="lights" index="1" instance=ExtResource( 4 )]

[node name="OmniLight" type="OmniLight" parent="lights" index="2"]
transform = Transform( 1, 0, 0, 0, 1, 0, 0, 0, 1, 1.72453, 2.64789, 1.74455 )
light_color = Color( 1, 0.462745, 0.0313726, 1 )
light_specular = 5.658
shadow_enabled = true
shadow_bias = 4.0

[node name="OmniLight2" type="OmniLight" parent="lights" index="3"]
transform = Transform( 1, 0, 0, 0, 1, 0, 0, 0, 1, 1.72453, 2.64789, -0.239873 )
light_color = Color( 1, 0.462745, 0.0313726, 1 )
light_specular = 5.658
shadow_enabled = true
shadow_bias = 4.0
